{
 "cells": [
  {
   "cell_type": "markdown",
   "metadata": {},
   "source": [
    "# Pairwise FST and genetic diversity in *Ostrea lurida*\n",
    "This notebook details how I calculate and plot pairwise F<sub>ST</sub>, run a Mantel test to detect isolation-by-distance, and characterize the genetic diversity within populations and within phylogeographic regions. I do this for the full combined dataset, then again for the outlier and neutral datasets (so it is a little repetetive).  \n",
    "The inputs are *genind* objects and *hierfstat* objects that were previously saved to files. Pairwise F<sub>ST</sub>, popgen statistics (Ho, He, overall F<sub>ST</sub>, F<sub>IS</sub>) are calculated using the [*hierfstat*](https://cran.r-project.org/web/packages/hierfstat/hierfstat.pdf) package. A Mantel test is done using [*adegenet*](http://adegenet.r-forge.r-project.org/files/tutorial-basics.pdf) with a CSV file of pairwise water distance between populations."
   ]
  },
  {
   "cell_type": "code",
   "execution_count": 1,
   "metadata": {},
   "outputs": [
    {
     "name": "stderr",
     "output_type": "stream",
     "text": [
      "Loading required package: ade4\n",
      "\n",
      "   /// adegenet 2.1.1 is loaded ////////////\n",
      "\n",
      "   > overview: '?adegenet'\n",
      "   > tutorials/doc/questions: 'adegenetWeb()' \n",
      "   > bug reports/feature requests: adegenetIssues()\n",
      "\n",
      "\n",
      "\n",
      "Attaching package: ‘hierfstat’\n",
      "\n",
      "The following object is masked from ‘package:adegenet’:\n",
      "\n",
      "    read.fstat\n",
      "\n",
      "\n",
      "Attaching package: ‘cowplot’\n",
      "\n",
      "The following object is masked from ‘package:ggplot2’:\n",
      "\n",
      "    ggsave\n",
      "\n"
     ]
    }
   ],
   "source": [
    "library(\"adegenet\") #For storing genotype data\n",
    "library(hierfstat) #For calculating pairwise Fst\n",
    "library(ggplot2) #For plotting\n",
    "library(reshape2) #For plotting\n",
    "library(plyr)\n",
    "library(\"cowplot\") #For plotting manuscript figs"
   ]
  },
  {
   "cell_type": "markdown",
   "metadata": {},
   "source": [
    "## Neutral\n",
    "Load previously created Adegenet genind object and hierfstat object, made using radiator from a .vcf file."
   ]
  },
  {
   "cell_type": "code",
   "execution_count": 2,
   "metadata": {},
   "outputs": [],
   "source": [
    "load(\"../Inputs/OL-c85t10-x45m75-maf025-neutI2-filt.hf\")\n",
    "load(\"../Inputs/OL-c85t10-x45m75-maf025-neutI2-filt.genind\")"
   ]
  },
  {
   "cell_type": "code",
   "execution_count": 3,
   "metadata": {},
   "outputs": [
    {
     "data": {
      "text/plain": [
       "/// GENIND OBJECT /////////\n",
       "\n",
       " // 117 individuals; 13,073 loci; 26,146 alleles; size: 18.8 Mb\n",
       "\n",
       " // Basic content\n",
       "   @tab:  117 x 26146 matrix of allele counts\n",
       "   @loc.n.all: number of alleles per locus (range: 2-2)\n",
       "   @loc.fac: locus factor for the 26146 columns of @tab\n",
       "   @all.names: list of allele names for each locus\n",
       "   @ploidy: ploidy of each individual  (range: 2-2)\n",
       "   @type:  codom\n",
       "   @call: radiator::write_genind(data = input)\n",
       "\n",
       " // Optional content\n",
       "   @pop: population of each individual (group size range: 4-9)\n",
       "   @strata: a data frame with 3 columns ( POPULATION, LOCATION, REGION )\n",
       "   @other: a list containing: LATITUDE  LONGITUDE \n"
      ]
     },
     "metadata": {},
     "output_type": "display_data"
    }
   ],
   "source": [
    "stratted.filt"
   ]
  },
  {
   "cell_type": "markdown",
   "metadata": {},
   "source": [
    "The *hierfstat* object created by the radiator package does not keep population names, so you have to provide those for plotting. Be CERTAIN that the below order is the same as the order you provided to radiator when you created the *hierfstat* object, or else you will have a mislabelled plot."
   ]
  },
  {
   "cell_type": "code",
   "execution_count": 1,
   "metadata": {},
   "outputs": [],
   "source": [
    "pop_order <- c(\"Klaskino_BC\",\"Barkley_BC\",\"Ladysmith_BC\",\"Victoria_BC\",\"Discovery_WA\",\"Liberty_WA\",\"TritonCove_WA\",\"NorthBay_WA\",\"Willapa_WA\",\"Netarts_OR\",\"Yaquina_OR\",\"Coos_OR\",\"Humboldt_CA\",\"Tomales_CA\",\"NorthSanFran_CA\",\"SouthSanFran_CA\",\"Elkhorn_CA\",\"MuguLagoon_CA\",\"SanDiego_CA\")"
   ]
  },
  {
   "cell_type": "markdown",
   "metadata": {},
   "source": [
    "### Pairwise Fst"
   ]
  },
  {
   "cell_type": "code",
   "execution_count": 5,
   "metadata": {},
   "outputs": [],
   "source": [
    "# This takes a long time (~30+ minutes) for this many loci and populations. Be patient.\n",
    "fst.mat <- genet.dist(hf.filt, method = \"WC84\")"
   ]
  },
  {
   "cell_type": "code",
   "execution_count": 6,
   "metadata": {},
   "outputs": [],
   "source": [
    "gindF.fst.mat.triN <- as.matrix(fst.mat)\n",
    "colnames(gindF.fst.mat.triN) <- pop_order\n",
    "rownames(gindF.fst.mat.triN) <- pop_order\n",
    "## save to a file, so you don't have to wait forever again\n",
    "write.table(gindF.fst.mat.triN, file=\"OL-t10x45m75-maf025-NeutI2-Pop.pwfst\",row.names = T,col.names = T)"
   ]
  },
  {
   "cell_type": "code",
   "execution_count": 15,
   "metadata": {},
   "outputs": [],
   "source": [
    "# in case you are reading in from file\n",
    "#gindF.fst.mat.triN <- as.matrix(read.table(\"OL-t10x45m75-maf025-NeutI2-Pop.pwfst\"))"
   ]
  },
  {
   "cell_type": "code",
   "execution_count": 16,
   "metadata": {},
   "outputs": [],
   "source": [
    "meltedN <- melt(gindF.fst.mat.triN, na.rm =TRUE)"
   ]
  },
  {
   "cell_type": "code",
   "execution_count": 17,
   "metadata": {},
   "outputs": [
    {
     "data": {
      "text/html": [
       "<table>\n",
       "<thead><tr><th></th><th scope=col>Klaskino_BC</th><th scope=col>Barkley_BC</th><th scope=col>Ladysmith_BC</th><th scope=col>Victoria_BC</th><th scope=col>Discovery_WA</th><th scope=col>Liberty_WA</th><th scope=col>TritonCove_WA</th><th scope=col>NorthBay_WA</th><th scope=col>Willapa_WA</th><th scope=col>Netarts_OR</th><th scope=col>Yaquina_OR</th><th scope=col>Coos_OR</th><th scope=col>Humboldt_CA</th><th scope=col>Tomales_CA</th><th scope=col>NorthSanFran_CA</th><th scope=col>SouthSanFran_CA</th><th scope=col>Elkhorn_CA</th><th scope=col>MuguLagoon_CA</th><th scope=col>SanDiego_CA</th></tr></thead>\n",
       "<tbody>\n",
       "\t<tr><th scope=row>Klaskino_BC</th><td>0.0000</td><td>0.0308</td><td>0.0665</td><td>0.1192</td><td>0.0744</td><td>0.0966</td><td>0.0753</td><td>0.0967</td><td>0.1135</td><td>0.0822</td><td>0.1188</td><td>0.1159</td><td>0.0917</td><td>0.0971</td><td>0.1246</td><td>0.1255</td><td>0.1230</td><td>0.1353</td><td>0.1419</td></tr>\n",
       "\t<tr><th scope=row>Barkley_BC</th><td>0.0308</td><td>0.0000</td><td>0.0569</td><td>0.1273</td><td>0.0770</td><td>0.1024</td><td>0.0804</td><td>0.1053</td><td>0.1229</td><td>0.0887</td><td>0.1306</td><td>0.1246</td><td>0.0938</td><td>0.0941</td><td>0.1220</td><td>0.1204</td><td>0.1136</td><td>0.1251</td><td>0.1323</td></tr>\n",
       "\t<tr><th scope=row>Ladysmith_BC</th><td>0.0665</td><td>0.0569</td><td>0.0000</td><td>0.0934</td><td>0.0384</td><td>0.0653</td><td>0.0521</td><td>0.0753</td><td>0.1199</td><td>0.0825</td><td>0.1279</td><td>0.1266</td><td>0.0791</td><td>0.0888</td><td>0.1196</td><td>0.1258</td><td>0.1109</td><td>0.1242</td><td>0.1320</td></tr>\n",
       "\t<tr><th scope=row>Victoria_BC</th><td>0.1192</td><td>0.1273</td><td>0.0934</td><td>0.0000</td><td>0.0873</td><td>0.0867</td><td>0.0579</td><td>0.0907</td><td>0.1251</td><td>0.1101</td><td>0.1484</td><td>0.1340</td><td>0.1177</td><td>0.1285</td><td>0.1556</td><td>0.1720</td><td>0.1581</td><td>0.1700</td><td>0.1767</td></tr>\n",
       "\t<tr><th scope=row>Discovery_WA</th><td>0.0744</td><td>0.0770</td><td>0.0384</td><td>0.0873</td><td>0.0000</td><td>0.0528</td><td>0.0180</td><td>0.0479</td><td>0.1055</td><td>0.0804</td><td>0.1218</td><td>0.1119</td><td>0.0887</td><td>0.1033</td><td>0.1305</td><td>0.1421</td><td>0.1294</td><td>0.1416</td><td>0.1448</td></tr>\n",
       "\t<tr><th scope=row>Liberty_WA</th><td>0.0966</td><td>0.1024</td><td>0.0653</td><td>0.0867</td><td>0.0528</td><td>0.0000</td><td>0.0170</td><td>0.0079</td><td>0.1188</td><td>0.0858</td><td>0.1381</td><td>0.1218</td><td>0.0881</td><td>0.1166</td><td>0.1450</td><td>0.1568</td><td>0.1433</td><td>0.1561</td><td>0.1620</td></tr>\n",
       "\t<tr><th scope=row>TritonCove_WA</th><td>0.0753</td><td>0.0804</td><td>0.0521</td><td>0.0579</td><td>0.0180</td><td>0.0170</td><td>0.0000</td><td>0.0250</td><td>0.0949</td><td>0.0707</td><td>0.1186</td><td>0.1050</td><td>0.0772</td><td>0.1001</td><td>0.1252</td><td>0.1350</td><td>0.1186</td><td>0.1369</td><td>0.1397</td></tr>\n",
       "\t<tr><th scope=row>NorthBay_WA</th><td>0.0967</td><td>0.1053</td><td>0.0753</td><td>0.0907</td><td>0.0479</td><td>0.0079</td><td>0.0250</td><td>0.0000</td><td>0.1144</td><td>0.0780</td><td>0.1360</td><td>0.1191</td><td>0.0875</td><td>0.1173</td><td>0.1458</td><td>0.1575</td><td>0.1420</td><td>0.1591</td><td>0.1644</td></tr>\n",
       "\t<tr><th scope=row>Willapa_WA</th><td>0.1135</td><td>0.1229</td><td>0.1199</td><td>0.1251</td><td>0.1055</td><td>0.1188</td><td>0.0949</td><td>0.1144</td><td>0.0000</td><td>0.0646</td><td>0.0951</td><td>0.0015</td><td>0.0932</td><td>0.1124</td><td>0.1208</td><td>0.1364</td><td>0.1233</td><td>0.1404</td><td>0.1482</td></tr>\n",
       "\t<tr><th scope=row>Netarts_OR</th><td>0.0822</td><td>0.0887</td><td>0.0825</td><td>0.1101</td><td>0.0804</td><td>0.0858</td><td>0.0707</td><td>0.0780</td><td>0.0646</td><td>0.0000</td><td>0.0310</td><td>0.0688</td><td>0.0687</td><td>0.0819</td><td>0.1022</td><td>0.1024</td><td>0.1004</td><td>0.1213</td><td>0.1270</td></tr>\n",
       "\t<tr><th scope=row>Yaquina_OR</th><td>0.1188</td><td>0.1306</td><td>0.1279</td><td>0.1484</td><td>0.1218</td><td>0.1381</td><td>0.1186</td><td>0.1360</td><td>0.0951</td><td>0.0310</td><td>0.0000</td><td>0.0920</td><td>0.1046</td><td>0.1115</td><td>0.1243</td><td>0.1317</td><td>0.1246</td><td>0.1386</td><td>0.1465</td></tr>\n",
       "\t<tr><th scope=row>Coos_OR</th><td>0.1159</td><td>0.1246</td><td>0.1266</td><td>0.1340</td><td>0.1119</td><td>0.1218</td><td>0.1050</td><td>0.1191</td><td>0.0015</td><td>0.0688</td><td>0.0920</td><td>0.0000</td><td>0.0930</td><td>0.1116</td><td>0.1281</td><td>0.1363</td><td>0.1285</td><td>0.1450</td><td>0.1534</td></tr>\n",
       "\t<tr><th scope=row>Humboldt_CA</th><td>0.0917</td><td>0.0938</td><td>0.0791</td><td>0.1177</td><td>0.0887</td><td>0.0881</td><td>0.0772</td><td>0.0875</td><td>0.0932</td><td>0.0687</td><td>0.1046</td><td>0.0930</td><td>0.0000</td><td>0.0398</td><td>0.0174</td><td>0.0294</td><td>0.0472</td><td>0.0883</td><td>0.0893</td></tr>\n",
       "\t<tr><th scope=row>Tomales_CA</th><td>0.0971</td><td>0.0941</td><td>0.0888</td><td>0.1285</td><td>0.1033</td><td>0.1166</td><td>0.1001</td><td>0.1173</td><td>0.1124</td><td>0.0819</td><td>0.1115</td><td>0.1116</td><td>0.0398</td><td>0.0000</td><td>0.0416</td><td>0.0398</td><td>0.0262</td><td>0.0524</td><td>0.0605</td></tr>\n",
       "\t<tr><th scope=row>NorthSanFran_CA</th><td>0.1246</td><td>0.1220</td><td>0.1196</td><td>0.1556</td><td>0.1305</td><td>0.1450</td><td>0.1252</td><td>0.1458</td><td>0.1208</td><td>0.1022</td><td>0.1243</td><td>0.1281</td><td>0.0174</td><td>0.0416</td><td>0.0000</td><td>0.0035</td><td>0.0397</td><td>0.0779</td><td>0.0809</td></tr>\n",
       "\t<tr><th scope=row>SouthSanFran_CA</th><td>0.1255</td><td>0.1204</td><td>0.1258</td><td>0.1720</td><td>0.1421</td><td>0.1568</td><td>0.1350</td><td>0.1575</td><td>0.1364</td><td>0.1024</td><td>0.1317</td><td>0.1363</td><td>0.0294</td><td>0.0398</td><td>0.0035</td><td>0.0000</td><td>0.0132</td><td>0.0450</td><td>0.0517</td></tr>\n",
       "\t<tr><th scope=row>Elkhorn_CA</th><td>0.1230</td><td>0.1136</td><td>0.1109</td><td>0.1581</td><td>0.1294</td><td>0.1433</td><td>0.1186</td><td>0.1420</td><td>0.1233</td><td>0.1004</td><td>0.1246</td><td>0.1285</td><td>0.0472</td><td>0.0262</td><td>0.0397</td><td>0.0132</td><td>0.0000</td><td>0.0166</td><td>0.0133</td></tr>\n",
       "\t<tr><th scope=row>MuguLagoon_CA</th><td>0.1353</td><td>0.1251</td><td>0.1242</td><td>0.1700</td><td>0.1416</td><td>0.1561</td><td>0.1369</td><td>0.1591</td><td>0.1404</td><td>0.1213</td><td>0.1386</td><td>0.1450</td><td>0.0883</td><td>0.0524</td><td>0.0779</td><td>0.0450</td><td>0.0166</td><td>0.0000</td><td>0.0017</td></tr>\n",
       "\t<tr><th scope=row>SanDiego_CA</th><td>0.1419</td><td>0.1323</td><td>0.1320</td><td>0.1767</td><td>0.1448</td><td>0.1620</td><td>0.1397</td><td>0.1644</td><td>0.1482</td><td>0.1270</td><td>0.1465</td><td>0.1534</td><td>0.0893</td><td>0.0605</td><td>0.0809</td><td>0.0517</td><td>0.0133</td><td>0.0017</td><td>0.0000</td></tr>\n",
       "</tbody>\n",
       "</table>\n"
      ],
      "text/latex": [
       "\\begin{tabular}{r|lllllllllllllllllll}\n",
       "  & Klaskino\\_BC & Barkley\\_BC & Ladysmith\\_BC & Victoria\\_BC & Discovery\\_WA & Liberty\\_WA & TritonCove\\_WA & NorthBay\\_WA & Willapa\\_WA & Netarts\\_OR & Yaquina\\_OR & Coos\\_OR & Humboldt\\_CA & Tomales\\_CA & NorthSanFran\\_CA & SouthSanFran\\_CA & Elkhorn\\_CA & MuguLagoon\\_CA & SanDiego\\_CA\\\\\n",
       "\\hline\n",
       "\tKlaskino\\_BC & 0.0000 & 0.0308 & 0.0665 & 0.1192 & 0.0744 & 0.0966 & 0.0753 & 0.0967 & 0.1135 & 0.0822 & 0.1188 & 0.1159 & 0.0917 & 0.0971 & 0.1246 & 0.1255 & 0.1230 & 0.1353 & 0.1419\\\\\n",
       "\tBarkley\\_BC & 0.0308 & 0.0000 & 0.0569 & 0.1273 & 0.0770 & 0.1024 & 0.0804 & 0.1053 & 0.1229 & 0.0887 & 0.1306 & 0.1246 & 0.0938 & 0.0941 & 0.1220 & 0.1204 & 0.1136 & 0.1251 & 0.1323\\\\\n",
       "\tLadysmith\\_BC & 0.0665 & 0.0569 & 0.0000 & 0.0934 & 0.0384 & 0.0653 & 0.0521 & 0.0753 & 0.1199 & 0.0825 & 0.1279 & 0.1266 & 0.0791 & 0.0888 & 0.1196 & 0.1258 & 0.1109 & 0.1242 & 0.1320\\\\\n",
       "\tVictoria\\_BC & 0.1192 & 0.1273 & 0.0934 & 0.0000 & 0.0873 & 0.0867 & 0.0579 & 0.0907 & 0.1251 & 0.1101 & 0.1484 & 0.1340 & 0.1177 & 0.1285 & 0.1556 & 0.1720 & 0.1581 & 0.1700 & 0.1767\\\\\n",
       "\tDiscovery\\_WA & 0.0744 & 0.0770 & 0.0384 & 0.0873 & 0.0000 & 0.0528 & 0.0180 & 0.0479 & 0.1055 & 0.0804 & 0.1218 & 0.1119 & 0.0887 & 0.1033 & 0.1305 & 0.1421 & 0.1294 & 0.1416 & 0.1448\\\\\n",
       "\tLiberty\\_WA & 0.0966 & 0.1024 & 0.0653 & 0.0867 & 0.0528 & 0.0000 & 0.0170 & 0.0079 & 0.1188 & 0.0858 & 0.1381 & 0.1218 & 0.0881 & 0.1166 & 0.1450 & 0.1568 & 0.1433 & 0.1561 & 0.1620\\\\\n",
       "\tTritonCove\\_WA & 0.0753 & 0.0804 & 0.0521 & 0.0579 & 0.0180 & 0.0170 & 0.0000 & 0.0250 & 0.0949 & 0.0707 & 0.1186 & 0.1050 & 0.0772 & 0.1001 & 0.1252 & 0.1350 & 0.1186 & 0.1369 & 0.1397\\\\\n",
       "\tNorthBay\\_WA & 0.0967 & 0.1053 & 0.0753 & 0.0907 & 0.0479 & 0.0079 & 0.0250 & 0.0000 & 0.1144 & 0.0780 & 0.1360 & 0.1191 & 0.0875 & 0.1173 & 0.1458 & 0.1575 & 0.1420 & 0.1591 & 0.1644\\\\\n",
       "\tWillapa\\_WA & 0.1135 & 0.1229 & 0.1199 & 0.1251 & 0.1055 & 0.1188 & 0.0949 & 0.1144 & 0.0000 & 0.0646 & 0.0951 & 0.0015 & 0.0932 & 0.1124 & 0.1208 & 0.1364 & 0.1233 & 0.1404 & 0.1482\\\\\n",
       "\tNetarts\\_OR & 0.0822 & 0.0887 & 0.0825 & 0.1101 & 0.0804 & 0.0858 & 0.0707 & 0.0780 & 0.0646 & 0.0000 & 0.0310 & 0.0688 & 0.0687 & 0.0819 & 0.1022 & 0.1024 & 0.1004 & 0.1213 & 0.1270\\\\\n",
       "\tYaquina\\_OR & 0.1188 & 0.1306 & 0.1279 & 0.1484 & 0.1218 & 0.1381 & 0.1186 & 0.1360 & 0.0951 & 0.0310 & 0.0000 & 0.0920 & 0.1046 & 0.1115 & 0.1243 & 0.1317 & 0.1246 & 0.1386 & 0.1465\\\\\n",
       "\tCoos\\_OR & 0.1159 & 0.1246 & 0.1266 & 0.1340 & 0.1119 & 0.1218 & 0.1050 & 0.1191 & 0.0015 & 0.0688 & 0.0920 & 0.0000 & 0.0930 & 0.1116 & 0.1281 & 0.1363 & 0.1285 & 0.1450 & 0.1534\\\\\n",
       "\tHumboldt\\_CA & 0.0917 & 0.0938 & 0.0791 & 0.1177 & 0.0887 & 0.0881 & 0.0772 & 0.0875 & 0.0932 & 0.0687 & 0.1046 & 0.0930 & 0.0000 & 0.0398 & 0.0174 & 0.0294 & 0.0472 & 0.0883 & 0.0893\\\\\n",
       "\tTomales\\_CA & 0.0971 & 0.0941 & 0.0888 & 0.1285 & 0.1033 & 0.1166 & 0.1001 & 0.1173 & 0.1124 & 0.0819 & 0.1115 & 0.1116 & 0.0398 & 0.0000 & 0.0416 & 0.0398 & 0.0262 & 0.0524 & 0.0605\\\\\n",
       "\tNorthSanFran\\_CA & 0.1246 & 0.1220 & 0.1196 & 0.1556 & 0.1305 & 0.1450 & 0.1252 & 0.1458 & 0.1208 & 0.1022 & 0.1243 & 0.1281 & 0.0174 & 0.0416 & 0.0000 & 0.0035 & 0.0397 & 0.0779 & 0.0809\\\\\n",
       "\tSouthSanFran\\_CA & 0.1255 & 0.1204 & 0.1258 & 0.1720 & 0.1421 & 0.1568 & 0.1350 & 0.1575 & 0.1364 & 0.1024 & 0.1317 & 0.1363 & 0.0294 & 0.0398 & 0.0035 & 0.0000 & 0.0132 & 0.0450 & 0.0517\\\\\n",
       "\tElkhorn\\_CA & 0.1230 & 0.1136 & 0.1109 & 0.1581 & 0.1294 & 0.1433 & 0.1186 & 0.1420 & 0.1233 & 0.1004 & 0.1246 & 0.1285 & 0.0472 & 0.0262 & 0.0397 & 0.0132 & 0.0000 & 0.0166 & 0.0133\\\\\n",
       "\tMuguLagoon\\_CA & 0.1353 & 0.1251 & 0.1242 & 0.1700 & 0.1416 & 0.1561 & 0.1369 & 0.1591 & 0.1404 & 0.1213 & 0.1386 & 0.1450 & 0.0883 & 0.0524 & 0.0779 & 0.0450 & 0.0166 & 0.0000 & 0.0017\\\\\n",
       "\tSanDiego\\_CA & 0.1419 & 0.1323 & 0.1320 & 0.1767 & 0.1448 & 0.1620 & 0.1397 & 0.1644 & 0.1482 & 0.1270 & 0.1465 & 0.1534 & 0.0893 & 0.0605 & 0.0809 & 0.0517 & 0.0133 & 0.0017 & 0.0000\\\\\n",
       "\\end{tabular}\n"
      ],
      "text/markdown": [
       "\n",
       "| <!--/--> | Klaskino_BC | Barkley_BC | Ladysmith_BC | Victoria_BC | Discovery_WA | Liberty_WA | TritonCove_WA | NorthBay_WA | Willapa_WA | Netarts_OR | Yaquina_OR | Coos_OR | Humboldt_CA | Tomales_CA | NorthSanFran_CA | SouthSanFran_CA | Elkhorn_CA | MuguLagoon_CA | SanDiego_CA | \n",
       "|---|---|---|---|---|---|---|---|---|---|---|---|---|---|---|---|---|---|---|\n",
       "| Klaskino_BC | 0.0000 | 0.0308 | 0.0665 | 0.1192 | 0.0744 | 0.0966 | 0.0753 | 0.0967 | 0.1135 | 0.0822 | 0.1188 | 0.1159 | 0.0917 | 0.0971 | 0.1246 | 0.1255 | 0.1230 | 0.1353 | 0.1419 | \n",
       "| Barkley_BC | 0.0308 | 0.0000 | 0.0569 | 0.1273 | 0.0770 | 0.1024 | 0.0804 | 0.1053 | 0.1229 | 0.0887 | 0.1306 | 0.1246 | 0.0938 | 0.0941 | 0.1220 | 0.1204 | 0.1136 | 0.1251 | 0.1323 | \n",
       "| Ladysmith_BC | 0.0665 | 0.0569 | 0.0000 | 0.0934 | 0.0384 | 0.0653 | 0.0521 | 0.0753 | 0.1199 | 0.0825 | 0.1279 | 0.1266 | 0.0791 | 0.0888 | 0.1196 | 0.1258 | 0.1109 | 0.1242 | 0.1320 | \n",
       "| Victoria_BC | 0.1192 | 0.1273 | 0.0934 | 0.0000 | 0.0873 | 0.0867 | 0.0579 | 0.0907 | 0.1251 | 0.1101 | 0.1484 | 0.1340 | 0.1177 | 0.1285 | 0.1556 | 0.1720 | 0.1581 | 0.1700 | 0.1767 | \n",
       "| Discovery_WA | 0.0744 | 0.0770 | 0.0384 | 0.0873 | 0.0000 | 0.0528 | 0.0180 | 0.0479 | 0.1055 | 0.0804 | 0.1218 | 0.1119 | 0.0887 | 0.1033 | 0.1305 | 0.1421 | 0.1294 | 0.1416 | 0.1448 | \n",
       "| Liberty_WA | 0.0966 | 0.1024 | 0.0653 | 0.0867 | 0.0528 | 0.0000 | 0.0170 | 0.0079 | 0.1188 | 0.0858 | 0.1381 | 0.1218 | 0.0881 | 0.1166 | 0.1450 | 0.1568 | 0.1433 | 0.1561 | 0.1620 | \n",
       "| TritonCove_WA | 0.0753 | 0.0804 | 0.0521 | 0.0579 | 0.0180 | 0.0170 | 0.0000 | 0.0250 | 0.0949 | 0.0707 | 0.1186 | 0.1050 | 0.0772 | 0.1001 | 0.1252 | 0.1350 | 0.1186 | 0.1369 | 0.1397 | \n",
       "| NorthBay_WA | 0.0967 | 0.1053 | 0.0753 | 0.0907 | 0.0479 | 0.0079 | 0.0250 | 0.0000 | 0.1144 | 0.0780 | 0.1360 | 0.1191 | 0.0875 | 0.1173 | 0.1458 | 0.1575 | 0.1420 | 0.1591 | 0.1644 | \n",
       "| Willapa_WA | 0.1135 | 0.1229 | 0.1199 | 0.1251 | 0.1055 | 0.1188 | 0.0949 | 0.1144 | 0.0000 | 0.0646 | 0.0951 | 0.0015 | 0.0932 | 0.1124 | 0.1208 | 0.1364 | 0.1233 | 0.1404 | 0.1482 | \n",
       "| Netarts_OR | 0.0822 | 0.0887 | 0.0825 | 0.1101 | 0.0804 | 0.0858 | 0.0707 | 0.0780 | 0.0646 | 0.0000 | 0.0310 | 0.0688 | 0.0687 | 0.0819 | 0.1022 | 0.1024 | 0.1004 | 0.1213 | 0.1270 | \n",
       "| Yaquina_OR | 0.1188 | 0.1306 | 0.1279 | 0.1484 | 0.1218 | 0.1381 | 0.1186 | 0.1360 | 0.0951 | 0.0310 | 0.0000 | 0.0920 | 0.1046 | 0.1115 | 0.1243 | 0.1317 | 0.1246 | 0.1386 | 0.1465 | \n",
       "| Coos_OR | 0.1159 | 0.1246 | 0.1266 | 0.1340 | 0.1119 | 0.1218 | 0.1050 | 0.1191 | 0.0015 | 0.0688 | 0.0920 | 0.0000 | 0.0930 | 0.1116 | 0.1281 | 0.1363 | 0.1285 | 0.1450 | 0.1534 | \n",
       "| Humboldt_CA | 0.0917 | 0.0938 | 0.0791 | 0.1177 | 0.0887 | 0.0881 | 0.0772 | 0.0875 | 0.0932 | 0.0687 | 0.1046 | 0.0930 | 0.0000 | 0.0398 | 0.0174 | 0.0294 | 0.0472 | 0.0883 | 0.0893 | \n",
       "| Tomales_CA | 0.0971 | 0.0941 | 0.0888 | 0.1285 | 0.1033 | 0.1166 | 0.1001 | 0.1173 | 0.1124 | 0.0819 | 0.1115 | 0.1116 | 0.0398 | 0.0000 | 0.0416 | 0.0398 | 0.0262 | 0.0524 | 0.0605 | \n",
       "| NorthSanFran_CA | 0.1246 | 0.1220 | 0.1196 | 0.1556 | 0.1305 | 0.1450 | 0.1252 | 0.1458 | 0.1208 | 0.1022 | 0.1243 | 0.1281 | 0.0174 | 0.0416 | 0.0000 | 0.0035 | 0.0397 | 0.0779 | 0.0809 | \n",
       "| SouthSanFran_CA | 0.1255 | 0.1204 | 0.1258 | 0.1720 | 0.1421 | 0.1568 | 0.1350 | 0.1575 | 0.1364 | 0.1024 | 0.1317 | 0.1363 | 0.0294 | 0.0398 | 0.0035 | 0.0000 | 0.0132 | 0.0450 | 0.0517 | \n",
       "| Elkhorn_CA | 0.1230 | 0.1136 | 0.1109 | 0.1581 | 0.1294 | 0.1433 | 0.1186 | 0.1420 | 0.1233 | 0.1004 | 0.1246 | 0.1285 | 0.0472 | 0.0262 | 0.0397 | 0.0132 | 0.0000 | 0.0166 | 0.0133 | \n",
       "| MuguLagoon_CA | 0.1353 | 0.1251 | 0.1242 | 0.1700 | 0.1416 | 0.1561 | 0.1369 | 0.1591 | 0.1404 | 0.1213 | 0.1386 | 0.1450 | 0.0883 | 0.0524 | 0.0779 | 0.0450 | 0.0166 | 0.0000 | 0.0017 | \n",
       "| SanDiego_CA | 0.1419 | 0.1323 | 0.1320 | 0.1767 | 0.1448 | 0.1620 | 0.1397 | 0.1644 | 0.1482 | 0.1270 | 0.1465 | 0.1534 | 0.0893 | 0.0605 | 0.0809 | 0.0517 | 0.0133 | 0.0017 | 0.0000 | \n",
       "\n",
       "\n"
      ],
      "text/plain": [
       "                Klaskino_BC Barkley_BC Ladysmith_BC Victoria_BC Discovery_WA\n",
       "Klaskino_BC     0.0000      0.0308     0.0665       0.1192      0.0744      \n",
       "Barkley_BC      0.0308      0.0000     0.0569       0.1273      0.0770      \n",
       "Ladysmith_BC    0.0665      0.0569     0.0000       0.0934      0.0384      \n",
       "Victoria_BC     0.1192      0.1273     0.0934       0.0000      0.0873      \n",
       "Discovery_WA    0.0744      0.0770     0.0384       0.0873      0.0000      \n",
       "Liberty_WA      0.0966      0.1024     0.0653       0.0867      0.0528      \n",
       "TritonCove_WA   0.0753      0.0804     0.0521       0.0579      0.0180      \n",
       "NorthBay_WA     0.0967      0.1053     0.0753       0.0907      0.0479      \n",
       "Willapa_WA      0.1135      0.1229     0.1199       0.1251      0.1055      \n",
       "Netarts_OR      0.0822      0.0887     0.0825       0.1101      0.0804      \n",
       "Yaquina_OR      0.1188      0.1306     0.1279       0.1484      0.1218      \n",
       "Coos_OR         0.1159      0.1246     0.1266       0.1340      0.1119      \n",
       "Humboldt_CA     0.0917      0.0938     0.0791       0.1177      0.0887      \n",
       "Tomales_CA      0.0971      0.0941     0.0888       0.1285      0.1033      \n",
       "NorthSanFran_CA 0.1246      0.1220     0.1196       0.1556      0.1305      \n",
       "SouthSanFran_CA 0.1255      0.1204     0.1258       0.1720      0.1421      \n",
       "Elkhorn_CA      0.1230      0.1136     0.1109       0.1581      0.1294      \n",
       "MuguLagoon_CA   0.1353      0.1251     0.1242       0.1700      0.1416      \n",
       "SanDiego_CA     0.1419      0.1323     0.1320       0.1767      0.1448      \n",
       "                Liberty_WA TritonCove_WA NorthBay_WA Willapa_WA Netarts_OR\n",
       "Klaskino_BC     0.0966     0.0753        0.0967      0.1135     0.0822    \n",
       "Barkley_BC      0.1024     0.0804        0.1053      0.1229     0.0887    \n",
       "Ladysmith_BC    0.0653     0.0521        0.0753      0.1199     0.0825    \n",
       "Victoria_BC     0.0867     0.0579        0.0907      0.1251     0.1101    \n",
       "Discovery_WA    0.0528     0.0180        0.0479      0.1055     0.0804    \n",
       "Liberty_WA      0.0000     0.0170        0.0079      0.1188     0.0858    \n",
       "TritonCove_WA   0.0170     0.0000        0.0250      0.0949     0.0707    \n",
       "NorthBay_WA     0.0079     0.0250        0.0000      0.1144     0.0780    \n",
       "Willapa_WA      0.1188     0.0949        0.1144      0.0000     0.0646    \n",
       "Netarts_OR      0.0858     0.0707        0.0780      0.0646     0.0000    \n",
       "Yaquina_OR      0.1381     0.1186        0.1360      0.0951     0.0310    \n",
       "Coos_OR         0.1218     0.1050        0.1191      0.0015     0.0688    \n",
       "Humboldt_CA     0.0881     0.0772        0.0875      0.0932     0.0687    \n",
       "Tomales_CA      0.1166     0.1001        0.1173      0.1124     0.0819    \n",
       "NorthSanFran_CA 0.1450     0.1252        0.1458      0.1208     0.1022    \n",
       "SouthSanFran_CA 0.1568     0.1350        0.1575      0.1364     0.1024    \n",
       "Elkhorn_CA      0.1433     0.1186        0.1420      0.1233     0.1004    \n",
       "MuguLagoon_CA   0.1561     0.1369        0.1591      0.1404     0.1213    \n",
       "SanDiego_CA     0.1620     0.1397        0.1644      0.1482     0.1270    \n",
       "                Yaquina_OR Coos_OR Humboldt_CA Tomales_CA NorthSanFran_CA\n",
       "Klaskino_BC     0.1188     0.1159  0.0917      0.0971     0.1246         \n",
       "Barkley_BC      0.1306     0.1246  0.0938      0.0941     0.1220         \n",
       "Ladysmith_BC    0.1279     0.1266  0.0791      0.0888     0.1196         \n",
       "Victoria_BC     0.1484     0.1340  0.1177      0.1285     0.1556         \n",
       "Discovery_WA    0.1218     0.1119  0.0887      0.1033     0.1305         \n",
       "Liberty_WA      0.1381     0.1218  0.0881      0.1166     0.1450         \n",
       "TritonCove_WA   0.1186     0.1050  0.0772      0.1001     0.1252         \n",
       "NorthBay_WA     0.1360     0.1191  0.0875      0.1173     0.1458         \n",
       "Willapa_WA      0.0951     0.0015  0.0932      0.1124     0.1208         \n",
       "Netarts_OR      0.0310     0.0688  0.0687      0.0819     0.1022         \n",
       "Yaquina_OR      0.0000     0.0920  0.1046      0.1115     0.1243         \n",
       "Coos_OR         0.0920     0.0000  0.0930      0.1116     0.1281         \n",
       "Humboldt_CA     0.1046     0.0930  0.0000      0.0398     0.0174         \n",
       "Tomales_CA      0.1115     0.1116  0.0398      0.0000     0.0416         \n",
       "NorthSanFran_CA 0.1243     0.1281  0.0174      0.0416     0.0000         \n",
       "SouthSanFran_CA 0.1317     0.1363  0.0294      0.0398     0.0035         \n",
       "Elkhorn_CA      0.1246     0.1285  0.0472      0.0262     0.0397         \n",
       "MuguLagoon_CA   0.1386     0.1450  0.0883      0.0524     0.0779         \n",
       "SanDiego_CA     0.1465     0.1534  0.0893      0.0605     0.0809         \n",
       "                SouthSanFran_CA Elkhorn_CA MuguLagoon_CA SanDiego_CA\n",
       "Klaskino_BC     0.1255          0.1230     0.1353        0.1419     \n",
       "Barkley_BC      0.1204          0.1136     0.1251        0.1323     \n",
       "Ladysmith_BC    0.1258          0.1109     0.1242        0.1320     \n",
       "Victoria_BC     0.1720          0.1581     0.1700        0.1767     \n",
       "Discovery_WA    0.1421          0.1294     0.1416        0.1448     \n",
       "Liberty_WA      0.1568          0.1433     0.1561        0.1620     \n",
       "TritonCove_WA   0.1350          0.1186     0.1369        0.1397     \n",
       "NorthBay_WA     0.1575          0.1420     0.1591        0.1644     \n",
       "Willapa_WA      0.1364          0.1233     0.1404        0.1482     \n",
       "Netarts_OR      0.1024          0.1004     0.1213        0.1270     \n",
       "Yaquina_OR      0.1317          0.1246     0.1386        0.1465     \n",
       "Coos_OR         0.1363          0.1285     0.1450        0.1534     \n",
       "Humboldt_CA     0.0294          0.0472     0.0883        0.0893     \n",
       "Tomales_CA      0.0398          0.0262     0.0524        0.0605     \n",
       "NorthSanFran_CA 0.0035          0.0397     0.0779        0.0809     \n",
       "SouthSanFran_CA 0.0000          0.0132     0.0450        0.0517     \n",
       "Elkhorn_CA      0.0132          0.0000     0.0166        0.0133     \n",
       "MuguLagoon_CA   0.0450          0.0166     0.0000        0.0017     \n",
       "SanDiego_CA     0.0517          0.0133     0.0017        0.0000     "
      ]
     },
     "metadata": {},
     "output_type": "display_data"
    }
   ],
   "source": [
    "round(gindF.fst.mat.triN,4)"
   ]
  },
  {
   "cell_type": "code",
   "execution_count": 7,
   "metadata": {},
   "outputs": [
    {
     "data": {
      "text/plain": [
       "   Min. 1st Qu.  Median    Mean 3rd Qu.    Max. \n",
       "0.00000 0.07066 0.10503 0.09560 0.12727 0.17669 "
      ]
     },
     "metadata": {},
     "output_type": "display_data"
    }
   ],
   "source": [
    "#Average pairwise Fst\n",
    "summary(meltedN$value)"
   ]
  },
  {
   "cell_type": "markdown",
   "metadata": {},
   "source": [
    "Plotting using ggplot2"
   ]
  },
  {
   "cell_type": "code",
   "execution_count": 10,
   "metadata": {},
   "outputs": [
    {
     "data": {},
     "metadata": {},
     "output_type": "display_data"
    },
    {
     "data": {
