{
 "cells": [
  {
   "cell_type": "markdown",
   "metadata": {},
   "source": [
    "Code from here: https://github.com/wlz0726/Population_Genomics_Scripts/wiki/Treemix"
   ]
  },
  {
   "cell_type": "markdown",
   "metadata": {},
   "source": [
    "# x45m75 Neutral"
   ]
  },
  {
   "cell_type": "code",
   "execution_count": 3,
   "metadata": {},
   "outputs": [],
   "source": [
    "source(\"../../../General_Methods/treemix-1.13/src/plotting_funcs_Me.R\")"
   ]
  },
  {
   "cell_type": "code",
   "execution_count": 7,
   "metadata": {},
   "outputs": [],
   "source": [
    "system(\"treemix -i ../Inputs/OL-c85t10-x45m75-maf025-neutI2-u.pop.TM.gz -o OL-c85t10m45x75n_unrooted > out\")"
   ]
  },
  {
   "cell_type": "markdown",
   "metadata": {},
   "source": [
    "Plot Treemix, using functions that come with Treemix"
   ]
  },
  {
   "cell_type": "code",
   "execution_count": 9,
   "metadata": {},
   "outputs": [
    {
     "name": "stdout",
     "output_type": "stream",
     "text": [
      "[1] 0.0003561709\n",
      "[1] \"here\"\n"
     ]
    },
    {
     "name": "stderr",
     "output_type": "stream",
     "text": [
      "Warning message in .Internal(lapply(X, FUN)):\n",
      "“closing unused connection 5 (OL-c85t10m45x75n_unrooted.cov.gz)”Warning message in .Internal(lapply(X, FUN)):\n",
      "“closing unused connection 4 (OL-c85t10m45x75n_unrooted.cov.gz)”Warning message in xy.coords(x, y, xlabel, ylabel, log):\n",
      "“NAs introduced by coercion”"
     ]
    },
    {
     "data": {
      "text/html": [
       "<table>\n",
       "<thead><tr><th scope=col>Klaskino_BC</th><th scope=col>Barkeley_BC</th><th scope=col>Ladysmith_BC</th><th scope=col>Victoria_BC</th><th scope=col>Discovery_WA</th><th scope=col>Liberty_WA</th><th scope=col>TritonCove_WA</th><th scope=col>NorthBay_WA</th><th scope=col>Willapa_WA</th><th scope=col>Netarts_OR</th><th scope=col>Yaquina_OR</th><th scope=col>Coos_OR</th><th scope=col>Humboldt_CA</th><th scope=col>Tomales_CA</th><th scope=col>NorthSanFran_CA</th><th scope=col>SouthSanFran_CA</th><th scope=col>Elkhorn_CA</th><th scope=col>MuguLagoon_CA</th><th scope=col>SanDiego_CA</th></tr></thead>\n",
       "<tbody>\n",
       "\t<tr><td> 0.0000003000</td><td> 0.000000640 </td><td> 0.001145950 </td><td>-0.001095452 </td><td> 0.000124050 </td><td>-0.000602664 </td><td>-0.000368768 </td><td>-0.000526758 </td><td>-0.001302568 </td><td>-0.000456122 </td><td>-0.0008859645</td><td>-0.001016975 </td><td>-0.000618790 </td><td> 0.00152463  </td><td> 0.00014380  </td><td> 0.00024110  </td><td> 0.00068046  </td><td> 0.001640920 </td><td> 0.001372170 </td></tr>\n",
       "\t<tr><td> 0.0000006400</td><td> 0.000000300 </td><td> 0.002461530 </td><td>-0.000860604 </td><td> 0.000676620 </td><td>-0.000472195 </td><td>-0.000035510 </td><td>-0.000438562 </td><td>-0.001190107 </td><td>-0.000786030 </td><td>-0.0013956310</td><td>-0.001086304 </td><td>-0.000699380 </td><td> 0.00079995  </td><td> 0.00009708  </td><td> 0.00047961  </td><td> 0.00035320  </td><td> 0.001107050 </td><td> 0.000988300 </td></tr>\n",
       "\t<tr><td> 0.0011459500</td><td> 0.002461530 </td><td> 0.000000320 </td><td>-0.000867280 </td><td> 0.001302510 </td><td> 0.000466400 </td><td>-0.000239220 </td><td>-0.000659230 </td><td>-0.000825820 </td><td>-0.000372048 </td><td>-0.0011542040</td><td>-0.001197377 </td><td>-0.000196030 </td><td> 0.00077430  </td><td>-0.00024908  </td><td>-0.00038576  </td><td>-0.00017736  </td><td> 0.000182340 </td><td>-0.000009950 </td></tr>\n",
       "\t<tr><td>-0.0010954520</td><td>-0.000860604 </td><td>-0.000867280 </td><td> 0.000000300 </td><td>-0.001319550 </td><td> 0.000453650 </td><td> 0.000979780 </td><td>-0.000111320 </td><td> 0.001046148 </td><td> 0.000615920 </td><td> 0.0003533990</td><td> 0.000396240 </td><td> 0.000196300 </td><td> 0.00038961  </td><td> 0.00015368  </td><td> 0.00019140  </td><td>-0.00048832  </td><td>-0.000067010 </td><td> 0.000033090 </td></tr>\n",
       "\t<tr><td> 0.0001240500</td><td> 0.000676620 </td><td> 0.001302510 </td><td>-0.001319550 </td><td> 0.000000320 </td><td>-0.000626870 </td><td> 0.000580240 </td><td> 0.000048540 </td><td> 0.000628682 </td><td> 0.000190841 </td><td>-0.0006973400</td><td> 0.000199045 </td><td> 0.000056970 </td><td> 0.00033893  </td><td>-0.00062216  </td><td>-0.00097275  </td><td>-0.00058118  </td><td> 0.000273170 </td><td> 0.000399910 </td></tr>\n",
       "\t<tr><td>-0.0006026640</td><td>-0.000472195 </td><td> 0.000466400 </td><td> 0.000453650 </td><td>-0.000626870 </td><td> 0.000000300 </td><td> 0.000115200 </td><td> 0.000000600 </td><td> 0.001242682 </td><td> 0.001384144 </td><td>-0.0004106300</td><td> 0.000784850 </td><td> 0.001546670 </td><td> 0.00010918  </td><td>-0.00093726  </td><td>-0.00065873  </td><td>-0.00100952  </td><td>-0.000720430 </td><td>-0.000665440 </td></tr>\n",
       "\t<tr><td>-0.0003687680</td><td>-0.000035510 </td><td>-0.000239220 </td><td> 0.000979780 </td><td> 0.000580240 </td><td> 0.000115200 </td><td> 0.000000320 </td><td>-0.000113930 </td><td> 0.001124323 </td><td> 0.000620046 </td><td>-0.0004245900</td><td> 0.000482606 </td><td> 0.000464200 </td><td>-0.00058330  </td><td>-0.00080221  </td><td>-0.00054530  </td><td>-0.00062684  </td><td>-0.000435580 </td><td>-0.000191480 </td></tr>\n",
       "\t<tr><td>-0.0005267580</td><td>-0.000438562 </td><td>-0.000659230 </td><td>-0.000111320 </td><td> 0.000048540 </td><td> 0.000000600 </td><td>-0.000113930 </td><td> 0.000000300 </td><td> 0.001467394 </td><td> 0.001893460 </td><td>-0.0003736600</td><td> 0.001165948 </td><td> 0.002036842 </td><td>-0.00026815  </td><td>-0.00075041  </td><td>-0.00095491  </td><td>-0.00092936  </td><td>-0.000832830 </td><td>-0.000654020 </td></tr>\n",
       "\t<tr><td>-0.0013025680</td><td>-0.001190107 </td><td>-0.000825820 </td><td> 0.001046148 </td><td> 0.000628682 </td><td> 0.001242682 </td><td> 0.001124323 </td><td> 0.001467394 </td><td> 0.000000300 </td><td> 0.000000470 </td><td> 0.0002080500</td><td> 0.000000700 </td><td>-0.000591132 </td><td>-0.00099289  </td><td> 0.00046572  </td><td>-0.00014395  </td><td>-0.00027963  </td><td>-0.000391050 </td><td>-0.000467270 </td></tr>\n",
       "\t<tr><td>-0.0004561220</td><td>-0.000786030 </td><td>-0.000372048 </td><td> 0.000615920 </td><td> 0.000190841 </td><td> 0.001384144 </td><td> 0.000620046 </td><td> 0.001893460 </td><td> 0.000000470 </td><td> 0.000000320 </td><td> 0.0000006400</td><td>-0.000764070 </td><td>-0.000969649 </td><td>-0.00035397  </td><td>-0.00022944  </td><td>-0.00035838  </td><td>-0.00016933  </td><td> 0.000002710 </td><td>-0.000249520 </td></tr>\n",
       "\t<tr><td>-0.0008859645</td><td>-0.001395631 </td><td>-0.001154204 </td><td> 0.000353399 </td><td>-0.000697340 </td><td>-0.000410630 </td><td>-0.000424590 </td><td>-0.000373660 </td><td> 0.000208050 </td><td> 0.000000640 </td><td> 0.0000003000</td><td> 0.000558090 </td><td>-0.001174225 </td><td> 0.00032553  </td><td> 0.00092940  </td><td> 0.00073751  </td><td> 0.00097231  </td><td> 0.001178300 </td><td> 0.001252670 </td></tr>\n",
       "\t<tr><td>-0.0010169750</td><td>-0.001086304 </td><td>-0.001197377 </td><td> 0.000396240 </td><td> 0.000199045 </td><td> 0.000784850 </td><td> 0.000482606 </td><td> 0.001165948 </td><td> 0.000000700 </td><td>-0.000764070 </td><td> 0.0005580900</td><td> 0.000000300 </td><td>-0.000044143 </td><td>-0.00026232  </td><td> 0.00055607  </td><td> 0.00044721  </td><td> 0.00013528  </td><td>-0.000010540 </td><td>-0.000344600 </td></tr>\n",
       "\t<tr><td>-0.0006187900</td><td>-0.000699380 </td><td>-0.000196030 </td><td> 0.000196300 </td><td> 0.000056970 </td><td> 0.001546670 </td><td> 0.000464200 </td><td> 0.002036842 </td><td>-0.000591132 </td><td>-0.000969649 </td><td>-0.0011742250</td><td>-0.000044143 </td><td> 0.000000320 </td><td>-0.00179323  </td><td> 0.00382476  </td><td> 0.00200399  </td><td>-0.00003988  </td><td>-0.002063459 </td><td>-0.001940147 </td></tr>\n",
       "\t<tr><td> 0.0015246300</td><td> 0.000799950 </td><td> 0.000774300 </td><td> 0.000389610 </td><td> 0.000338930 </td><td> 0.000109180 </td><td>-0.000583300 </td><td>-0.000268150 </td><td>-0.000992890 </td><td>-0.000353970 </td><td> 0.0003255300</td><td>-0.000262320 </td><td>-0.001793230 </td><td> 0.00000032  </td><td>-0.00098877  </td><td>-0.00165437  </td><td> 0.00060178  </td><td> 0.001346450 </td><td> 0.000686310 </td></tr>\n",
       "\t<tr><td> 0.0001438000</td><td> 0.000097080 </td><td>-0.000249080 </td><td> 0.000153680 </td><td>-0.000622160 </td><td>-0.000937260 </td><td>-0.000802210 </td><td>-0.000750410 </td><td> 0.000465720 </td><td>-0.000229440 </td><td> 0.0009294000</td><td> 0.000556070 </td><td> 0.003824760 </td><td>-0.00098877  </td><td> 0.00000030  </td><td> 0.00000060  </td><td> 0.00059376  </td><td>-0.001263400 </td><td>-0.000922510 </td></tr>\n",
       "\t<tr><td> 0.0002411000</td><td> 0.000479610 </td><td>-0.000385760 </td><td> 0.000191400 </td><td>-0.000972750 </td><td>-0.000658730 </td><td>-0.000545300 </td><td>-0.000954910 </td><td>-0.000143950 </td><td>-0.000358380 </td><td> 0.0007375100</td><td> 0.000447210 </td><td> 0.002003990 </td><td>-0.00165437  </td><td> 0.00000060  </td><td> 0.00000030  </td><td> 0.00099842  </td><td> 0.000060230 </td><td> 0.000513730 </td></tr>\n",
       "\t<tr><td> 0.0006804600</td><td> 0.000353200 </td><td>-0.000177360 </td><td>-0.000488320 </td><td>-0.000581180 </td><td>-0.001009520 </td><td>-0.000626840 </td><td>-0.000929360 </td><td>-0.000279630 </td><td>-0.000169330 </td><td> 0.0009723100</td><td> 0.000135280 </td><td>-0.000039880 </td><td> 0.00060178  </td><td> 0.00059376  </td><td> 0.00099842  </td><td>-0.00022370  </td><td>-0.000007800 </td><td> 0.000197800 </td></tr>\n",
       "\t<tr><td> 0.0016409200</td><td> 0.001107050 </td><td> 0.000182340 </td><td>-0.000067010 </td><td> 0.000273170 </td><td>-0.000720430 </td><td>-0.000435580 </td><td>-0.000832830 </td><td>-0.000391050 </td><td> 0.000002710 </td><td> 0.0011783000</td><td>-0.000010540 </td><td>-0.002063459 </td><td> 0.00134645  </td><td>-0.00126340  </td><td> 0.00006023  </td><td>-0.00000780  </td><td> 0.000000300 </td><td> 0.000000600 </td></tr>\n",
       "\t<tr><td> 0.0013721700</td><td> 0.000988300 </td><td>-0.000009950 </td><td> 0.000033090 </td><td> 0.000399910 </td><td>-0.000665440 </td><td>-0.000191480 </td><td>-0.000654020 </td><td>-0.000467270 </td><td>-0.000249520 </td><td> 0.0012526700</td><td>-0.000344600 </td><td>-0.001940147 </td><td> 0.00068631  </td><td>-0.00092251  </td><td> 0.00051373  </td><td> 0.00019780  </td><td> 0.000000600 </td><td> 0.000000300 </td></tr>\n",
       "</tbody>\n",
       "</table>\n"
      ],
      "text/latex": [
       "\\begin{tabular}{r|lllllllllllllllllll}\n",
       " Klaskino\\_BC & Barkeley\\_BC & Ladysmith\\_BC & Victoria\\_BC & Discovery\\_WA & Liberty\\_WA & TritonCove\\_WA & NorthBay\\_WA & Willapa\\_WA & Netarts\\_OR & Yaquina\\_OR & Coos\\_OR & Humboldt\\_CA & Tomales\\_CA & NorthSanFran\\_CA & SouthSanFran\\_CA & Elkhorn\\_CA & MuguLagoon\\_CA & SanDiego\\_CA\\\\\n",
       "\\hline\n",
       "\t  0.0000003000 &  0.000000640  &  0.001145950  & -0.001095452  &  0.000124050  & -0.000602664  & -0.000368768  & -0.000526758  & -0.001302568  & -0.000456122  & -0.0008859645 & -0.001016975  & -0.000618790  &  0.00152463   &  0.00014380   &  0.00024110   &  0.00068046   &  0.001640920  &  0.001372170 \\\\\n",
       "\t  0.0000006400 &  0.000000300  &  0.002461530  & -0.000860604  &  0.000676620  & -0.000472195  & -0.000035510  & -0.000438562  & -0.001190107  & -0.000786030  & -0.0013956310 & -0.001086304  & -0.000699380  &  0.00079995   &  0.00009708   &  0.00047961   &  0.00035320   &  0.001107050  &  0.000988300 \\\\\n",
       "\t  0.0011459500 &  0.002461530  &  0.000000320  & -0.000867280  &  0.001302510  &  0.000466400  & -0.000239220  & -0.000659230  & -0.000825820  & -0.000372048  & -0.0011542040 & -0.001197377  & -0.000196030  &  0.00077430   & -0.00024908   & -0.00038576   & -0.00017736   &  0.000182340  & -0.000009950 \\\\\n",
       "\t -0.0010954520 & -0.000860604  & -0.000867280  &  0.000000300  & -0.001319550  &  0.000453650  &  0.000979780  & -0.000111320  &  0.001046148  &  0.000615920  &  0.0003533990 &  0.000396240  &  0.000196300  &  0.00038961   &  0.00015368   &  0.00019140   & -0.00048832   & -0.000067010  &  0.000033090 \\\\\n",
       "\t  0.0001240500 &  0.000676620  &  0.001302510  & -0.001319550  &  0.000000320  & -0.000626870  &  0.000580240  &  0.000048540  &  0.000628682  &  0.000190841  & -0.0006973400 &  0.000199045  &  0.000056970  &  0.00033893   & -0.00062216   & -0.00097275   & -0.00058118   &  0.000273170  &  0.000399910 \\\\\n",
       "\t -0.0006026640 & -0.000472195  &  0.000466400  &  0.000453650  & -0.000626870  &  0.000000300  &  0.000115200  &  0.000000600  &  0.001242682  &  0.001384144  & -0.0004106300 &  0.000784850  &  0.001546670  &  0.00010918   & -0.00093726   & -0.00065873   & -0.00100952   & -0.000720430  & -0.000665440 \\\\\n",
       "\t -0.0003687680 & -0.000035510  & -0.000239220  &  0.000979780  &  0.000580240  &  0.000115200  &  0.000000320  & -0.000113930  &  0.001124323  &  0.000620046  & -0.0004245900 &  0.000482606  &  0.000464200  & -0.00058330   & -0.00080221   & -0.00054530   & -0.00062684   & -0.000435580  & -0.000191480 \\\\\n",
       "\t -0.0005267580 & -0.000438562  & -0.000659230  & -0.000111320  &  0.000048540  &  0.000000600  & -0.000113930  &  0.000000300  &  0.001467394  &  0.001893460  & -0.0003736600 &  0.001165948  &  0.002036842  & -0.00026815   & -0.00075041   & -0.00095491   & -0.00092936   & -0.000832830  & -0.000654020 \\\\\n",
       "\t -0.0013025680 & -0.001190107  & -0.000825820  &  0.001046148  &  0.000628682  &  0.001242682  &  0.001124323  &  0.001467394  &  0.000000300  &  0.000000470  &  0.0002080500 &  0.000000700  & -0.000591132  & -0.00099289   &  0.00046572   & -0.00014395   & -0.00027963   & -0.000391050  & -0.000467270 \\\\\n",
       "\t -0.0004561220 & -0.000786030  & -0.000372048  &  0.000615920  &  0.000190841  &  0.001384144  &  0.000620046  &  0.001893460  &  0.000000470  &  0.000000320  &  0.0000006400 & -0.000764070  & -0.000969649  & -0.00035397   & -0.00022944   & -0.00035838   & -0.00016933   &  0.000002710  & -0.000249520 \\\\\n",
       "\t -0.0008859645 & -0.001395631  & -0.001154204  &  0.000353399  & -0.000697340  & -0.000410630  & -0.000424590  & -0.000373660  &  0.000208050  &  0.000000640  &  0.0000003000 &  0.000558090  & -0.001174225  &  0.00032553   &  0.00092940   &  0.00073751   &  0.00097231   &  0.001178300  &  0.001252670 \\\\\n",
       "\t -0.0010169750 & -0.001086304  & -0.001197377  &  0.000396240  &  0.000199045  &  0.000784850  &  0.000482606  &  0.001165948  &  0.000000700  & -0.000764070  &  0.0005580900 &  0.000000300  & -0.000044143  & -0.00026232   &  0.00055607   &  0.00044721   &  0.00013528   & -0.000010540  & -0.000344600 \\\\\n",
       "\t -0.0006187900 & -0.000699380  & -0.000196030  &  0.000196300  &  0.000056970  &  0.001546670  &  0.000464200  &  0.002036842  & -0.000591132  & -0.000969649  & -0.0011742250 & -0.000044143  &  0.000000320  & -0.00179323   &  0.00382476   &  0.00200399   & -0.00003988   & -0.002063459  & -0.001940147 \\\\\n",
       "\t  0.0015246300 &  0.000799950  &  0.000774300  &  0.000389610  &  0.000338930  &  0.000109180  & -0.000583300  & -0.000268150  & -0.000992890  & -0.000353970  &  0.0003255300 & -0.000262320  & -0.001793230  &  0.00000032   & -0.00098877   & -0.00165437   &  0.00060178   &  0.001346450  &  0.000686310 \\\\\n",
       "\t  0.0001438000 &  0.000097080  & -0.000249080  &  0.000153680  & -0.000622160  & -0.000937260  & -0.000802210  & -0.000750410  &  0.000465720  & -0.000229440  &  0.0009294000 &  0.000556070  &  0.003824760  & -0.00098877   &  0.00000030   &  0.00000060   &  0.00059376   & -0.001263400  & -0.000922510 \\\\\n",
       "\t  0.0002411000 &  0.000479610  & -0.000385760  &  0.000191400  & -0.000972750  & -0.000658730  & -0.000545300  & -0.000954910  & -0.000143950  & -0.000358380  &  0.0007375100 &  0.000447210  &  0.002003990  & -0.00165437   &  0.00000060   &  0.00000030   &  0.00099842   &  0.000060230  &  0.000513730 \\\\\n",
       "\t  0.0006804600 &  0.000353200  & -0.000177360  & -0.000488320  & -0.000581180  & -0.001009520  & -0.000626840  & -0.000929360  & -0.000279630  & -0.000169330  &  0.0009723100 &  0.000135280  & -0.000039880  &  0.00060178   &  0.00059376   &  0.00099842   & -0.00022370   & -0.000007800  &  0.000197800 \\\\\n",
       "\t  0.0016409200 &  0.001107050  &  0.000182340  & -0.000067010  &  0.000273170  & -0.000720430  & -0.000435580  & -0.000832830  & -0.000391050  &  0.000002710  &  0.0011783000 & -0.000010540  & -0.002063459  &  0.00134645   & -0.00126340   &  0.00006023   & -0.00000780   &  0.000000300  &  0.000000600 \\\\\n",
       "\t  0.0013721700 &  0.000988300  & -0.000009950  &  0.000033090  &  0.000399910  & -0.000665440  & -0.000191480  & -0.000654020  & -0.000467270  & -0.000249520  &  0.0012526700 & -0.000344600  & -0.001940147  &  0.00068631   & -0.00092251   &  0.00051373   &  0.00019780   &  0.000000600  &  0.000000300 \\\\\n",
       "\\end{tabular}\n"
      ],
      "text/markdown": [
       "\n",
       "Klaskino_BC | Barkeley_BC | Ladysmith_BC | Victoria_BC | Discovery_WA | Liberty_WA | TritonCove_WA | NorthBay_WA | Willapa_WA | Netarts_OR | Yaquina_OR | Coos_OR | Humboldt_CA | Tomales_CA | NorthSanFran_CA | SouthSanFran_CA | Elkhorn_CA | MuguLagoon_CA | SanDiego_CA | \n",
       "|---|---|---|---|---|---|---|---|---|---|---|---|---|---|---|---|---|---|---|\n",
       "|  0.0000003000 |  0.000000640  |  0.001145950  | -0.001095452  |  0.000124050  | -0.000602664  | -0.000368768  | -0.000526758  | -0.001302568  | -0.000456122  | -0.0008859645 | -0.001016975  | -0.000618790  |  0.00152463   |  0.00014380   |  0.00024110   |  0.00068046   |  0.001640920  |  0.001372170  | \n",
       "|  0.0000006400 |  0.000000300  |  0.002461530  | -0.000860604  |  0.000676620  | -0.000472195  | -0.000035510  | -0.000438562  | -0.001190107  | -0.000786030  | -0.0013956310 | -0.001086304  | -0.000699380  |  0.00079995   |  0.00009708   |  0.00047961   |  0.00035320   |  0.001107050  |  0.000988300  | \n",
       "|  0.0011459500 |  0.002461530  |  0.000000320  | -0.000867280  |  0.001302510  |  0.000466400  | -0.000239220  | -0.000659230  | -0.000825820  | -0.000372048  | -0.0011542040 | -0.001197377  | -0.000196030  |  0.00077430   | -0.00024908   | -0.00038576   | -0.00017736   |  0.000182340  | -0.000009950  | \n",
       "| -0.0010954520 | -0.000860604  | -0.000867280  |  0.000000300  | -0.001319550  |  0.000453650  |  0.000979780  | -0.000111320  |  0.001046148  |  0.000615920  |  0.0003533990 |  0.000396240  |  0.000196300  |  0.00038961   |  0.00015368   |  0.00019140   | -0.00048832   | -0.000067010  |  0.000033090  | \n",
       "|  0.0001240500 |  0.000676620  |  0.001302510  | -0.001319550  |  0.000000320  | -0.000626870  |  0.000580240  |  0.000048540  |  0.000628682  |  0.000190841  | -0.0006973400 |  0.000199045  |  0.000056970  |  0.00033893   | -0.00062216   | -0.00097275   | -0.00058118   |  0.000273170  |  0.000399910  | \n",
       "| -0.0006026640 | -0.000472195  |  0.000466400  |  0.000453650  | -0.000626870  |  0.000000300  |  0.000115200  |  0.000000600  |  0.001242682  |  0.001384144  | -0.0004106300 |  0.000784850  |  0.001546670  |  0.00010918   | -0.00093726   | -0.00065873   | -0.00100952   | -0.000720430  | -0.000665440  | \n",
       "| -0.0003687680 | -0.000035510  | -0.000239220  |  0.000979780  |  0.000580240  |  0.000115200  |  0.000000320  | -0.000113930  |  0.001124323  |  0.000620046  | -0.0004245900 |  0.000482606  |  0.000464200  | -0.00058330   | -0.00080221   | -0.00054530   | -0.00062684   | -0.000435580  | -0.000191480  | \n",
       "| -0.0005267580 | -0.000438562  | -0.000659230  | -0.000111320  |  0.000048540  |  0.000000600  | -0.000113930  |  0.000000300  |  0.001467394  |  0.001893460  | -0.0003736600 |  0.001165948  |  0.002036842  | -0.00026815   | -0.00075041   | -0.00095491   | -0.00092936   | -0.000832830  | -0.000654020  | \n",
       "| -0.0013025680 | -0.001190107  | -0.000825820  |  0.001046148  |  0.000628682  |  0.001242682  |  0.001124323  |  0.001467394  |  0.000000300  |  0.000000470  |  0.0002080500 |  0.000000700  | -0.000591132  | -0.00099289   |  0.00046572   | -0.00014395   | -0.00027963   | -0.000391050  | -0.000467270  | \n",
       "| -0.0004561220 | -0.000786030  | -0.000372048  |  0.000615920  |  0.000190841  |  0.001384144  |  0.000620046  |  0.001893460  |  0.000000470  |  0.000000320  |  0.0000006400 | -0.000764070  | -0.000969649  | -0.00035397   | -0.00022944   | -0.00035838   | -0.00016933   |  0.000002710  | -0.000249520  | \n",
       "| -0.0008859645 | -0.001395631  | -0.001154204  |  0.000353399  | -0.000697340  | -0.000410630  | -0.000424590  | -0.000373660  |  0.000208050  |  0.000000640  |  0.0000003000 |  0.000558090  | -0.001174225  |  0.00032553   |  0.00092940   |  0.00073751   |  0.00097231   |  0.001178300  |  0.001252670  | \n",
       "| -0.0010169750 | -0.001086304  | -0.001197377  |  0.000396240  |  0.000199045  |  0.000784850  |  0.000482606  |  0.001165948  |  0.000000700  | -0.000764070  |  0.0005580900 |  0.000000300  | -0.000044143  | -0.00026232   |  0.00055607   |  0.00044721   |  0.00013528   | -0.000010540  | -0.000344600  | \n",
       "| -0.0006187900 | -0.000699380  | -0.000196030  |  0.000196300  |  0.000056970  |  0.001546670  |  0.000464200  |  0.002036842  | -0.000591132  | -0.000969649  | -0.0011742250 | -0.000044143  |  0.000000320  | -0.00179323   |  0.00382476   |  0.00200399   | -0.00003988   | -0.002063459  | -0.001940147  | \n",
       "|  0.0015246300 |  0.000799950  |  0.000774300  |  0.000389610  |  0.000338930  |  0.000109180  | -0.000583300  | -0.000268150  | -0.000992890  | -0.000353970  |  0.0003255300 | -0.000262320  | -0.001793230  |  0.00000032   | -0.00098877   | -0.00165437   |  0.00060178   |  0.001346450  |  0.000686310  | \n",
       "|  0.0001438000 |  0.000097080  | -0.000249080  |  0.000153680  | -0.000622160  | -0.000937260  | -0.000802210  | -0.000750410  |  0.000465720  | -0.000229440  |  0.0009294000 |  0.000556070  |  0.003824760  | -0.00098877   |  0.00000030   |  0.00000060   |  0.00059376   | -0.001263400  | -0.000922510  | \n",
       "|  0.0002411000 |  0.000479610  | -0.000385760  |  0.000191400  | -0.000972750  | -0.000658730  | -0.000545300  | -0.000954910  | -0.000143950  | -0.000358380  |  0.0007375100 |  0.000447210  |  0.002003990  | -0.00165437   |  0.00000060   |  0.00000030   |  0.00099842   |  0.000060230  |  0.000513730  | \n",
       "|  0.0006804600 |  0.000353200  | -0.000177360  | -0.000488320  | -0.000581180  | -0.001009520  | -0.000626840  | -0.000929360  | -0.000279630  | -0.000169330  |  0.0009723100 |  0.000135280  | -0.000039880  |  0.00060178   |  0.00059376   |  0.00099842   | -0.00022370   | -0.000007800  |  0.000197800  | \n",
       "|  0.0016409200 |  0.001107050  |  0.000182340  | -0.000067010  |  0.000273170  | -0.000720430  | -0.000435580  | -0.000832830  | -0.000391050  |  0.000002710  |  0.0011783000 | -0.000010540  | -0.002063459  |  0.00134645   | -0.00126340   |  0.00006023   | -0.00000780   |  0.000000300  |  0.000000600  | \n",
       "|  0.0013721700 |  0.000988300  | -0.000009950  |  0.000033090  |  0.000399910  | -0.000665440  | -0.000191480  | -0.000654020  | -0.000467270  | -0.000249520  |  0.0012526700 | -0.000344600  | -0.001940147  |  0.00068631   | -0.00092251   |  0.00051373   |  0.00019780   |  0.000000600  |  0.000000300  | \n",
       "\n",
       "\n"
      ],
      "text/plain": [
       "   Klaskino_BC   Barkeley_BC  Ladysmith_BC Victoria_BC  Discovery_WA\n",
       "1   0.0000003000  0.000000640  0.001145950 -0.001095452  0.000124050\n",
       "2   0.0000006400  0.000000300  0.002461530 -0.000860604  0.000676620\n",
       "3   0.0011459500  0.002461530  0.000000320 -0.000867280  0.001302510\n",
       "4  -0.0010954520 -0.000860604 -0.000867280  0.000000300 -0.001319550\n",
       "5   0.0001240500  0.000676620  0.001302510 -0.001319550  0.000000320\n",
       "6  -0.0006026640 -0.000472195  0.000466400  0.000453650 -0.000626870\n",
       "7  -0.0003687680 -0.000035510 -0.000239220  0.000979780  0.000580240\n",
       "8  -0.0005267580 -0.000438562 -0.000659230 -0.000111320  0.000048540\n",
       "9  -0.0013025680 -0.001190107 -0.000825820  0.001046148  0.000628682\n",
       "10 -0.0004561220 -0.000786030 -0.000372048  0.000615920  0.000190841\n",
       "11 -0.0008859645 -0.001395631 -0.001154204  0.000353399 -0.000697340\n",
       "12 -0.0010169750 -0.001086304 -0.001197377  0.000396240  0.000199045\n",
       "13 -0.0006187900 -0.000699380 -0.000196030  0.000196300  0.000056970\n",
       "14  0.0015246300  0.000799950  0.000774300  0.000389610  0.000338930\n",
       "15  0.0001438000  0.000097080 -0.000249080  0.000153680 -0.000622160\n",
       "16  0.0002411000  0.000479610 -0.000385760  0.000191400 -0.000972750\n",
       "17  0.0006804600  0.000353200 -0.000177360 -0.000488320 -0.000581180\n",
       "18  0.0016409200  0.001107050  0.000182340 -0.000067010  0.000273170\n",
       "19  0.0013721700  0.000988300 -0.000009950  0.000033090  0.000399910\n",
       "   Liberty_WA   TritonCove_WA NorthBay_WA  Willapa_WA   Netarts_OR  \n",
       "1  -0.000602664 -0.000368768  -0.000526758 -0.001302568 -0.000456122\n",
       "2  -0.000472195 -0.000035510  -0.000438562 -0.001190107 -0.000786030\n",
       "3   0.000466400 -0.000239220  -0.000659230 -0.000825820 -0.000372048\n",
       "4   0.000453650  0.000979780  -0.000111320  0.001046148  0.000615920\n",
       "5  -0.000626870  0.000580240   0.000048540  0.000628682  0.000190841\n",
       "6   0.000000300  0.000115200   0.000000600  0.001242682  0.001384144\n",
       "7   0.000115200  0.000000320  -0.000113930  0.001124323  0.000620046\n",
       "8   0.000000600 -0.000113930   0.000000300  0.001467394  0.001893460\n",
       "9   0.001242682  0.001124323   0.001467394  0.000000300  0.000000470\n",
       "10  0.001384144  0.000620046   0.001893460  0.000000470  0.000000320\n",
       "11 -0.000410630 -0.000424590  -0.000373660  0.000208050  0.000000640\n",
       "12  0.000784850  0.000482606   0.001165948  0.000000700 -0.000764070\n",
       "13  0.001546670  0.000464200   0.002036842 -0.000591132 -0.000969649\n",
       "14  0.000109180 -0.000583300  -0.000268150 -0.000992890 -0.000353970\n",
       "15 -0.000937260 -0.000802210  -0.000750410  0.000465720 -0.000229440\n",
       "16 -0.000658730 -0.000545300  -0.000954910 -0.000143950 -0.000358380\n",
       "17 -0.001009520 -0.000626840  -0.000929360 -0.000279630 -0.000169330\n",
       "18 -0.000720430 -0.000435580  -0.000832830 -0.000391050  0.000002710\n",
       "19 -0.000665440 -0.000191480  -0.000654020 -0.000467270 -0.000249520\n",
       "   Yaquina_OR    Coos_OR      Humboldt_CA  Tomales_CA  NorthSanFran_CA\n",
       "1  -0.0008859645 -0.001016975 -0.000618790  0.00152463  0.00014380    \n",
       "2  -0.0013956310 -0.001086304 -0.000699380  0.00079995  0.00009708    \n",
       "3  -0.0011542040 -0.001197377 -0.000196030  0.00077430 -0.00024908    \n",
       "4   0.0003533990  0.000396240  0.000196300  0.00038961  0.00015368    \n",
       "5  -0.0006973400  0.000199045  0.000056970  0.00033893 -0.00062216    \n",
       "6  -0.0004106300  0.000784850  0.001546670  0.00010918 -0.00093726    \n",
       "7  -0.0004245900  0.000482606  0.000464200 -0.00058330 -0.00080221    \n",
       "8  -0.0003736600  0.001165948  0.002036842 -0.00026815 -0.00075041    \n",
       "9   0.0002080500  0.000000700 -0.000591132 -0.00099289  0.00046572    \n",
       "10  0.0000006400 -0.000764070 -0.000969649 -0.00035397 -0.00022944    \n",
       "11  0.0000003000  0.000558090 -0.001174225  0.00032553  0.00092940    \n",
       "12  0.0005580900  0.000000300 -0.000044143 -0.00026232  0.00055607    \n",
       "13 -0.0011742250 -0.000044143  0.000000320 -0.00179323  0.00382476    \n",
       "14  0.0003255300 -0.000262320 -0.001793230  0.00000032 -0.00098877    \n",
       "15  0.0009294000  0.000556070  0.003824760 -0.00098877  0.00000030    \n",
       "16  0.0007375100  0.000447210  0.002003990 -0.00165437  0.00000060    \n",
       "17  0.0009723100  0.000135280 -0.000039880  0.00060178  0.00059376    \n",
       "18  0.0011783000 -0.000010540 -0.002063459  0.00134645 -0.00126340    \n",
       "19  0.0012526700 -0.000344600 -0.001940147  0.00068631 -0.00092251    \n",
       "   SouthSanFran_CA Elkhorn_CA  MuguLagoon_CA SanDiego_CA \n",
       "1   0.00024110      0.00068046  0.001640920   0.001372170\n",
       "2   0.00047961      0.00035320  0.001107050   0.000988300\n",
       "3  -0.00038576     -0.00017736  0.000182340  -0.000009950\n",
       "4   0.00019140     -0.00048832 -0.000067010   0.000033090\n",
       "5  -0.00097275     -0.00058118  0.000273170   0.000399910\n",
       "6  -0.00065873     -0.00100952 -0.000720430  -0.000665440\n",
       "7  -0.00054530     -0.00062684 -0.000435580  -0.000191480\n",
       "8  -0.00095491     -0.00092936 -0.000832830  -0.000654020\n",
       "9  -0.00014395     -0.00027963 -0.000391050  -0.000467270\n",
       "10 -0.00035838     -0.00016933  0.000002710  -0.000249520\n",
       "11  0.00073751      0.00097231  0.001178300   0.001252670\n",
       "12  0.00044721      0.00013528 -0.000010540  -0.000344600\n",
       "13  0.00200399     -0.00003988 -0.002063459  -0.001940147\n",
       "14 -0.00165437      0.00060178  0.001346450   0.000686310\n",
       "15  0.00000060      0.00059376 -0.001263400  -0.000922510\n",
       "16  0.00000030      0.00099842  0.000060230   0.000513730\n",
       "17  0.00099842     -0.00022370 -0.000007800   0.000197800\n",
       "18  0.00006023     -0.00000780  0.000000300   0.000000600\n",
       "19  0.00051373      0.00019780  0.000000600   0.000000300"
      ]
     },
     "metadata": {},
     "output_type": "display_data"
    },
    {
     "data": {
